--------------FIFO-----------------------
7	7	F
0	07	F
1	107	F
2	2107	F
3	3210	F
3	3210
2	3210
1	3210
0	3210
3	3210
2	3210
5	5321	F
7	7532	F
4	4753	F
7	4753
8	8475	F
9	9847	F
9	9847
9	9847
1	1984	F
0	0198	F
4	4019	F
5	5401	F
5	5401
5	5401
5	5401
4	5401
4	5401
4	5401
4	5401
9	9540	F
8	8954	F
9	8954
6	6895	F
3	3689	F
Page Fault = 18  Page Replaces = 14  Page Frames = 4

--------------LRU-----------------------
7	7	F
0	07	F
1	107	F
2	2107	F
3	3210	F
3	3210
2	2310
1	1230
0	0123
3	3012
2	2301
5	5230	F
7	7523	F
4	4752	F
7	7452
8	8745	F
9	9874	F
9	9874
9	9874
1	1987	F
0	0198	F
4	4019	F
5	5401	F
5	5401
5	5401
5	5401
4	4501
4	4501
4	4501
4	4501
9	9450	F
8	8945	F
9	9845
6	6984	F
3	3698	F
Page Fault = 18  Page Replaces = 14  Page Frames = 4

--------------Least Frequently Used Page Replacement-----------------------
7	7	F
0	07	F
1	107	F
2	2107	F
3	3210	F
3	3210
2	3210
1	3210
0	3210
3	3210
2	3210
5	5321	F
7	7321	F
4	4321	F
7	7321	F
8	8321	F
9	9321	F
9	9321
9	9321
1	9321
0	0932	F
4	4932	F
5	5932	F
5	5932
5	5932
5	5932
4	4593	F
4	4593
4	4593
4	4593
9	4593
8	8459	F
9	8459
6	6459	F
3	3459	F
Page Fault = 18  Page Replaces = 14  Page Frames = 4

--------------Most Frequently Used Page Replacement -----------------------
7	7	F
0	07	F
1	107	F
2	2107	F
3	3210	F
3	3210
2	3210
1	3210
0	3210
3	3210
2	3210
5	5310	F
7	7510	F
4	4751	F
7	4751
8	8475	F
9	9845	F
9	9845
9	9845
1	1845	F
0	0184	F
4	0184
5	5018	F
5	5018
5	5018
5	5018
4	4018	F
4	4018
4	4018
4	4018
9	9018	F
8	9018
9	9018
6	6901	F
3	3601	F
Page Fault = 17  Page Replaces = 13  Page Frames = 4

--------------Least Frequently Used LRU Page Replacement-----------------------
7	7	F
0	07	F
1	107	F
2	2107	F
3	3210	F
3	3210
2	2310
1	1230
0	0123
3	3012
2	2301
5	5230	F
7	7230	F
4	4230	F
7	7230	F
8	8230	F
9	9230	F
9	9230
9	9230
1	1923	F
0	0923	F
4	4923	F
5	5923	F
5	5923
5	5923
5	5923
4	4592	F
4	4592
4	4592
4	4592
9	9452
8	8945	F
9	9845
6	6945	F
3	3945	F
Page Fault = 19  Page Replaces = 15  Page Frames = 4

--------------Most Frequently Used LRU Page Replacement -----------------------
7	7	F
0	07	F
1	107	F
2	2107	F
3	3210	F
3	3210
2	2310
1	1230
0	0123
3	3012
2	2301
5	5201	F
7	7501	F
4	4750	F
7	7450
8	8745	F
9	9845	F
9	9845
9	9845
1	1845	F
0	0184	F
4	4018
5	5018	F
5	5018
5	5018
5	5018
4	4018	F
4	4018
4	4018
4	4018
9	9018	F
8	8901
9	9801
6	6901	F
3	3601	F
Page Fault = 17  Page Replaces = 13  Page Frames = 4

